-1 1 1 47309 1 1 1 47279 1 1 1 47246 1
1 1 1 47309 1 1 1 47279 1 1 1 47246 1
-2 1 47310 1535 1 1 2743781 1535 1 1 47247 1535 1
1 1 47310 1535 1 1 2743781 1535 1 1 47247 1535 1
-3 1 48845 2181 1 1 48553 2181 1 1 48782 2181 1
1 1 48845 2181 1 1 48553 2181 1 1 48782 2181 1
-4 1 54149 3316 1 1 50734 2955 -1 1 50963 2991 -1
1 1 54149 1013 1 1 52696 993 1 1 53830 124 1
2 1 55892 1573 1 1 50734 762 1 1 50963 634 1
-5 1 59358 1244 1 1 3411515 1237 1 1 1072321 1244 1
1 1 59358 1244 1 1 3411515 1237 1 1 1072321 1244 1
-6 1 60617 647678 1 1 53689 645787 1 1 57815 646802 1
1 1 60617 62911 1 1 53689 62904 1 1 57815 62486 1
1 1 126835 160221 1 1 116593 160798 1 1 120301 162307 1
1 1 288296 267301 1 1 289251 257518 1 1 282608 266955 1
1 1 555597 128508 1 1 546769 128522 1 1 551298 116455 1
1 1 684105 24190 1 1 675291 24185 1 1 680466 24151 1
-7 1 708295 1878273 1 1 699476 1696736 1 1 3169296 1684658 -1
1 1 708295 95394 1 1 699476 95387 1 1 4758542 95412 -1
1 1 803689 14972 1 1 794863 14986 1 1 4739280 14985 -1
1 1 818661 83963 1 1 816635 83654 1 1 4656566 82714 -1
1 1 902624 8586 1 1 900289 8586 1 1 4641412 8586 -1
1 1 914352 242401 1 1 908875 242680 1 1 4400343 241069 -1
1 1 1156753 26454 1 1 1151555 26444 1 1 4371568 22325 -1
1 1 1183207 6002 1 1 1177999 12195 1 1 4357923 12194 -1
1 1 1189708 12461 1 1 1191268 12810 1 1 4343685 12815 -1
1 1 1202169 56077 1 1 1204078 56079 1 1 4284332 56094 -1
1 1 1258246 42925 1 1 1272335 42923 1 1 4239327 42817 -1
1 1 1340832 385581 1 1 1315258 385265 1 1 3861203 378124 -1
1 1 1729228 151568 1 1 1705973 150957 1 1 3710269 150934 -1
1 1 1902306 96618 1 1 1856930 96625 1 1 3630241 80028 -1
1 1 1998924 93483 1 1 1953555 93484 1 1 3522138 90025 -1
1 1 2092407 251616 1 1 2047039 251651 1 1 3268203 251527 -1
1 1 2345696 8906 1 1 2298690 8906 1 1 3259316 8887 -1
1 1 2440863 25902 1 1 2313876 25904 1 1 3233408 25908 -1
1 1 2466765 129 1 1 2339780 130 1 1 3223869 129 -1
1 1 2466894 5477 1 1 2342631 2222 1 1 3218392 5477 -1
1 1 2472371 16884 1 1 2347209 18607 1 1 3199674 18718 -1
1 1 2490825 18520 1 1 2365816 18522 1 1 3181169 18503 -1
1 1 2574695 11873 1 1 2384338 11874 1 1 3169296 11873 -1
-8 1 2610342 1238 1 1 5213387 1225 -1 1 3162479 1235 1
1 1 2610342 1238 1 1 5213387 1225 -1 1 3162479 1235 1
-9 1 2613867 325738 1 1 2420521 314489 1 1 2806255 356224 -1
1 1 2613867 10259 1 1 2420521 10793 1 1 3151641 10838 -1
1 1 2624126 34214 1 1 2432504 34206 1 1 3119304 32337 -1
1 1 2659818 11876 1 1 2466710 12018 1 1 3107285 12019 -1
1 1 2683382 127250 1 1 2478728 127391 1 1 2981663 125622 -1
1 1 2810632 99609 1 1 2606119 99523 1 1 2833336 99636 -1
1 1 2910241 29364 1 1 2705642 29368 1 1 2806255 25366 -1
-10 1 2964430 76661 1 1 2761450 74706 1 1 2726325 76070 -1
1 1 2964430 34130 1 1 2761450 33566 1 1 2767681 34714 -1
1 1 2999853 41238 1 1 2795016 41140 1 1 2726325 41356 -1
-11 1 3042450 12438 1 1 2851681 6287 1 1 2704517 6283 -1
1 1 3042450 1396 1 1 2851681 3809 1 1 2706993 3807 -1
1 1 3052978 1910 1 1 2855490 2478 1 1 2704517 2476 -1
-12 1 3058107 1531 1 1 2837370 8656 1 1 2716455 8656 -1
1 1 3058107 1531 1 1 2837370 8656 1 1 2716455 8656 -1
-13 1 3067665 216579 1 1 2857968 242501 1 1 2458306 246211 -1
1 1 3067665 481 1 1 2857968 6238 1 1 2698279 6238 -1
1 1 3069529 28700 1 1 2864206 30177 1 1 2668098 30181 -1
1 1 3098229 89926 1 1 2894383 95514 1 1 2571862 94242 -1
1 1 3188155 75440 1 1 2989897 75661 1 1 2493261 75728 -1
1 1 3283145 1099 1 1 3065558 34911 1 1 2458306 34955 -1
-14 1 3284244 250021 1 1 3132581 272425 1 1 2150613 270200 -1
1 1 3284244 50448 1 1 3132581 72915 1 1 2348918 71895 -1
1 1 3334692 88389 1 1 3205496 88426 1 1 2259126 88368 -1
1 1 3424754 4624 1 1 3293922 4624 1 1 2254529 4597 -1
1 1 3429560 104705 1 1 3300219 104787 1 1 2150613 103769 -1
-15 1 3539202 909579 1 1 3412827 824908 1 1 1354131 793313 -1
1 1 3539202 75555 1 1 3412827 75796 1 1 2073046 74398 -1
1 1 3614757 93480 1 1 3490405 94417 1 1 1979802 93244 -1
1 1 3768889 356795 1 1 3584822 356884 1 1 1658929 320873 -1
1 1 4125684 79413 1 1 3941706 79407 1 1 1578322 79428 -1
1 1 4205097 5940 1 1 4028618 5940 1 1 1572467 5855 -1
1 1 4211037 2416 1 1 4034558 2408 1 1 1568420 2416 -1
1 1 4213453 3446 1 1 4036966 3440 1 1 1562596 3456 -1
1 1 4218553 1095 1 1 4047206 1084 1 1 1553186 965 -1
1 1 4219648 99074 1 1 4048290 99085 1 1 1452797 99030 -1
1 1 4358391 31943 1 1 4147375 31887 1 1 1421034 31763 -1
1 1 4390334 58447 1 1 4179262 58473 1 1 1354131 54694 -1
-16 1 4448781 292747 1 1 4247926 230246 1 1 1126534 227597 -1
1 1 4448781 13215 1 1 4247926 15026 1 1 1339104 15027 -1
1 1 4471783 29653 1 1 4262952 28331 1 1 1309457 29647 -1
1 1 4502675 771 1 1 4293713 737 1 1 1308687 770 -1
1 1 4506589 751 1 1 4294474 3454 1 1 1305442 3223 -1
1 1 4507340 9491 1 1 4297928 9489 1 1 1294965 9378 -1
1 1 4516831 139792 1 1 4307417 139801 1 1 1153738 139803 -1
1 1 4710708 30820 1 1 4447218 30954 1 1 1126534 27204 -1
-17 1 4741530 4132 1 1 5151358 21845 1 1 1077806 19302 -1
1 1 4741530 4132 1 1 5151358 21845 1 1 1077806 19302 -1
-18 1 4765671 18608 1 1 5176723 20040 1 1 1049371 22118 -1
1 1 4765671 9274 1 1 5176723 6492 1 1 1061589 9900 -1
1 1 4774945 9334 1 1 5184543 12220 1 1 1049371 12218 -1
-19 1 4790784 187385 1 1 4479871 178221 1 1 864649 184722 -1
1 1 4790784 7620 1 1 4479871 7614 1 1 1043485 5886 -1
1 1 4815498 162671 1 1 4495552 162540 1 1 864649 162535 -1
-20 1 5021972 1336 1 1 4240075 523 1 1 862835 1347 -1
1 1 5021972 1336 1 1 4240075 523 1 1 862835 1347 -1
-21 1 5023308 157689 1 1 4662646 168334 1 1 704617 158218 -1
1 1 5023308 100154 1 1 4662646 99906 1 1 763259 99576 -1
1 1 5123462 24667 1 1 4773450 24667 1 1 738598 24661 -1
1 1 5157351 3389 1 1 4807333 3389 1 1 727312 2019 -1
1 1 5160740 20257 1 1 4810722 20258 1 1 704617 20254 -1
-22 1 5180997 298826 1 1 4830980 298470 1 1 4853954 299361 1
1 1 5180997 265430 1 1 4830980 265213 1 1 4853954 265279 1
1 1 5446427 15417 1 1 5097822 13749 1 1 5119233 15417 1
1 1 5463121 16702 1 1 5112807 16643 1 1 5136738 16577 1
-23 1 5479823 235548 1 1 5233988 176351 1 1 5153315 172558 1
1 1 5479823 10532 1 1 5233988 10532 1 1 5153315 10535 1
1 1 5490355 74351 1 1 5244520 74357 1 1 5171378 66827 1
1 1 5566511 14749 1 1 5318877 16126 1 1 5238205 15113 1
1 1 5581260 23148 1 1 5338449 23254 1 1 5253341 23904 1
1 1 5643394 29316 1 1 5361703 29334 1 1 5277245 29330 1
1 1 5696081 19290 1 1 5391037 19302 1 1 5306575 19298 1
-24 1 5715371 2126 1 1 3100469 1860 1 1 5325873 2126 1
1 1 5715371 2126 1 1 3100469 1860 1 1 5325873 2126 1
-25 1 5717497 535907 1 1 5410340 542734 1 1 5327999 539663 1
1 1 5717497 122431 1 1 5410340 123225 1 1 5327999 124268 1
1 1 5839928 413476 1 1 5539757 413317 1 1 5458601 409061 1
-26 1 6257851 2799 1 1 2755879 2754 -1 1 2802395 2799 1
1 1 6257851 2799 1 1 2755879 2754 -1 1 2802395 2799 1
-27 1 6270697 550123 1 1 5953074 446635 1 1 5875044 445679 1
1 1 6270697 11434 1 1 5953074 11411 1 1 5875044 11435 1
1 1 6329374 35716 1 1 5964485 35768 1 1 5886479 34326 1
1 1 6366330 81607 1 1 6000253 81392 1 1 5920805 81626 1
1 1 6447937 27795 1 1 6087418 23030 1 1 6002431 27791 1
1 1 6528123 26821 1 1 6110448 26817 1 1 6030222 26822 1
1 1 6556617 166236 1 1 6137265 166237 1 1 6057044 166512 1
1 1 6724526 62599 1 1 6303502 62508 1 1 6223556 62276 1
1 1 6787125 33695 1 1 6366010 33699 1 1 6287093 33630 1
-28 1 6826719 944 1 1 2400701 944 -1 1 5868145 944 1
1 1 6826719 944 1 1 2400701 944 -1 1 5868145 944 1
-29 1 6829644 21311 1 1 6399709 21302 1 1 6320723 21312 1
1 1 6829644 21311 1 1 6399709 21302 1 1 6320723 21312 1
